# Crop 'bukan ayam' - catatan manual.
# Angka dipisah koma/spasi/baris. Baris berawalan # diabaikan.
#
# CATATAN TAFSIR: di catatan asli tertulis '116119' menempel jadi satu
# angka, di antara 113 dan 126. 116119 di luar 1-1215, jadi dibaca
# sebagai DUA nomor: 116 dan 119. Kalau keliru, ubah baris itu lalu
# jalankan ulang: python src/terapkan_label.py

4, 36, 41, 42, 45, 47, 51, 54, 55, 57, 60, 61, 62, 65, 68, 71, 73, 74, 75,
77, 78, 80,
112, 113, 116, 119, 125, 126, 127, 128, 129, 130, 132, 134, 135, 137, 139,
140, 141, 142, 143,
154, 157, 162, 176, 179, 183, 185, 186, 187, 188, 191, 192, 194, 198, 199,
202, 203, 204, 205, 206,
239, 245, 249, 254, 258, 261, 277, 280, 281, 293,
318, 319, 328, 330, 331, 332, 333, 334, 335, 338, 339, 340, 341, 346, 349,
350, 352, 354, 355, 357, 365, 377, 380, 384, 386, 388, 393, 395,
400, 412, 435, 444, 446, 447, 448, 449, 450, 451, 452, 455, 461, 462, 463,
466, 469, 484, 485, 486,
501, 506, 507, 509, 512, 513, 517, 521, 522, 523, 526, 534, 536, 537, 547,
548, 552, 559, 562, 571, 575, 587,
604, 612, 614, 622, 624, 625, 626, 628, 629, 630, 633, 634, 635, 636, 662,
684, 688, 690, 691, 693, 698, 699,
701, 702, 703, 706, 712, 713, 714, 715, 716, 717, 719, 731, 743, 745, 748,
749, 750, 752, 753, 755, 756, 757, 758, 761, 766, 768, 770, 771, 772,
790, 792, 798, 799, 800, 802, 805, 806, 808, 809, 810, 811, 814,
845, 852, 856, 857, 859, 861, 863, 866, 872, 874, 875, 876, 880, 881, 882, 884,
921, 937, 943, 947, 953, 954, 955, 962, 963, 965, 968, 969, 970, 973, 975,
977, 978, 979, 984, 987, 989, 991, 992, 993, 994, 995, 996, 997, 998,
1017, 1018, 1021, 1023, 1027, 1030, 1032, 1033, 1034, 1035, 1036, 1037,
1039, 1041, 1064, 1065, 1067, 1071, 1072, 1075, 1076, 1078,
1131, 1138, 1141, 1143, 1144, 1148, 1150, 1151, 1152, 1158, 1160, 1164, 1166,
1193, 1200, 1201, 1203, 1204, 1207, 1210, 1213, 1215
